$ANSIBLE_VAULT;1.1;AES256
37306665396433666239643533303835646665363462666339366364666137656264393361613432
3034663737303039663834633762396164616366323939650a353630656431656462623930386339
63393761643236366664666363356662316530326335356134663135616362613963386263333436
3965613363303962660a643332333734363464376166663337646665363739396263666131303438
32656365396162333764653733616130386134626365313034343339616138373137623263373663
63316434343633366431333966333631396539613836353030343861386131383066646337356239
66303635336365396231383064313961383134343237633137666362393538336634306164343034
65343135656434323066666334303766623035363563643832353230313637373436613231366265
63393236373530363962306230653930666233383264396137646437336462623132666638633733
37323864353465633136376236353132346630313338333262346430303565393464306634316665
32366237336330303336303861633566616633646431333430613863333962623134613366646339
61373833623264656431613230396261373965303731626631663536646165376134386662363564
37306665663066326362613461326432323131333533643462313934663835396232353734376338
32333232643632376362373636373539363138643536303435353362633933666438313930383064
39333838323762353837643634303738623336393234663565366132656230363836653364663136
64333337316438316631303761396363373337373262353263366337613938316639363261303666
65376665646266336666353862613032353465313635636630376462323165623165316662663862
33663431643734333766303538656639343562396234643566366538636332633164613564383535
32323666363235383765323731643332373935626461356164303539656165613231623466386631
32386438326634616564636562306366623230353038663562373966343262333432663832653230
31376434323566366661663864386461613631376236373539303362343835623535366532663566
65303236366334646666636237326330336436656535356233636331663439313232366535363261
63356330613136356539656639323066663663613337356333663736366363633833393732323232
62363266653936326437656338366637653162363463366163396462383864613866636631343165
30306133383632626661656535643361366663326139336231383030313437643835663237316265
30613337656535323533623533653562613162646564333265393266393261383135653666626231
61616662613032666634306639336131316366393033396136376463303964393937633538323135
32613133633439343465373366343466386331663561336266323763643838646238386435333961
62323734333661346538326239393763613734313637376134666539353937393134613562366234
34346235613463336533616533633137653863386137643563643961353432333236323836653437
65396465386237626438313731376536393664613031343764643631643732343565333564633536
32366537656137386565373962633163636561386661633466336362303638373063616565653438
65353538316134316139383134626561373539623231343433623439616530333133663162396133
39393136653031636435656637663363636430363264636639666132336133333064336631316230
37643830383166316332623332346231646261643537633465303838343135356634356437633063
38303431303736333839663434633836343064336661373366303333656661326338376465623937
37393531336438626234336630313834653561623430336366633261356537393237656435643132
39303061643066633733353930353862353634383364616261656438316138323838373962626466
62663938333230363739386139346665346234386136653336343134616366616133373231386365
63623663623665623231
