$ANSIBLE_VAULT;1.1;AES256
66393263666434303730653365326131373635383263313235616364313637313530653866376334
3166383632653864386238643730663963363630383362310a623565666234386164616664323165
36653230633634633262343030623261343438346237326265386330353633313265333532633737
6262653234623664620a303364323965363133386635663434323732393935613331356164653061
61633561613764653162663762343535623062366566306131303434386630666433646534393438
34323833373563646636363364356431616639356139333063343638386565616562353133353963
34383930346538306638396338383266316664646233323437396230623830303237313535636433
36396236346532613634363838663338623265613462633137626339336135306336326432666163
36313831373264313465663636643630633166336434653033336635363839333531653336653538
64626434343161626634373931653661393733653632393031306130653636346165656231396633
61303233313734313265666434653933323463336235353930326136303064363033323438303435
39623132643763333134303737366439663831616632393562666366343032636465333034616535
61313138396232393739656631336333643735323432663931353939393462646635326662316638
38646462376530653936353937363761356561373236626335613265633561656263316335336335
65326638643730313063616236643333363033323136313638643739646335633134313439313561
32623663373139643038633337373334316337323931326436633536343630626234613839633666
63333561646564626533663264663330363130626339653236303738393334373439663136396534
63613531636432383138303731373937326633316564323734326630643030656665626530623639
35326538613733616234396633636363616437356536383036316634336166383664623931353666
30646537653836326532656131343763343331363736623364316662643236656362313636653936
65396436353365363963313234363239353832363434666366363963303662323037323031636463
62333364386139663931663439616362393435356666336233666237356136626438373839376163
34323364376233613636396131366239346130333533626334383261346138363030343833353065
31326261396239646136623239643362326262656430666230393437393764363034623564333862
32636361376366326666633238663135383338343530616364646163633632616531316661623036
61363232383930336537643332303562333164633765356337386463353736643462353132363765
63366639343231363861376666633939346166613438303938353566626232326334306435366235
66313965653261373738333233373334633065633031393364666664653838323363396561303262
63386362623766333130636232353863646466336431636166353131323764666461623765353865
37373235623831656264623030306536386564393066383766376639646263363433313762376462
34343264663666633931663563613761656239316434623638613139323638643966333462623963
35383538356535383737613630393331356234313035323065613262366165646435353966633266
62363933336237323837376135623665346461323137363635663030306135613564366564306363
33376365366236356439393735303639376162646630613631393164346166666163323030336462
35613362643234313235623664333731393938633566373839366333366131343733366530656232
32333662656633373331363162633365373266393138306338323462373164326636343865393131
38633935643534656330646634313935626231663162313163653636643865656439383366306637
32613034613366363161323335363630353536363730646131336265346432366562363239343438
66353261616532393264313064323839363838613437336264366432633432386266613662386239
34376364363066396465646136346464623230383638656464666136626235393933303832666464
32376539636333333735346362396236653237326136346437626432383233633432633039626437
63313438623364353336326161396132333034356431376635656632336562373165386335323565
39663039356139623931626238353136383962636439623034663735643834633430363163386365
62626632326233326333626236316532333230656634313765383830343635663864393735646632
62316131303763316262633034373537383635636662313637326238333832613535333239353633
30376561613062636364656337656665353933653537633536363963363364643933343338343766
31336434393461383765396137313038616561383534313033633331383466663332643937643563
35633639356563396333306633646434636637356634333037356263346362353631363237343866
33383063653963623063353630613565616663383763373864383965633133396266393363306534
38383264336163646363643861373736323961653232633464633762313464306164643439333937
66396662333564306330633337306333623066383037336562376561393032326231316331343665
65343032663237326333336361666234613137626338353366333663383830393264623632653836
30386563333032393232316666396665383335393366613831663631333461663738343239613332
66393965336366323338353432343538633937373262373162383235386363646338633565663834
38326633653431376333396364326464656632343163653734353932303032653138313465613666
34336363306564663830306261636232323265363464396335646233643162336465373663383732
35653132326639353233303764326261383934373636376632646161623663616536383463363662
32626639663531613538343739333764353163386465306337373761326632323437653438346236
39316535333734386138366536643634316334306431376363346533326332643365303934656465
33653165636461623934643238373631636535353430356561353431653561373537353538306662
32666639613865623031303130356132323137363331333534616166393435626265376637626430
38323634356434306664636234373066623166666339323932306131643639393461346230653939
33396233313761636633626531373133313930383962623539303361376234363738636366343765
61306562393434363239646539336531613063356134633132616334343030386565343733663862
35333233653633393636306163393666653039636439633137353063343963666132363830646639
37383834306365336133363132373462306138323966613930633963313562383938383864326262
37396136623038616265306439356234356634636631646336356539396135326130363563343634
33333231646635613332353763353861633538326538313130303236383635356530386266386535
36613230363831336535393131346630323963323464633465656361666132393463386430376537
63623838313761616235636634346338303461396432366330623032666538373735653333313764
64646565313564326362626564666564623061623361623865616466613564366332313132663439
66616435303261373133373731373161303862373937663938636331363265613139626634653262
30333661353566366233303366653064616534623630663962396261313838383736666630396434
37303465626532343864373034336266333235373863393435656632333562613536386466343433
62623565313339373761323233366664313631656132366563623939323861623230333163386630
39663262356532613663666163383438613338323166306331633065373636623262383464616434
61306263336431316632326137363836313364613861366165326561343330623966646238386365
61323430653738383964353661376234646161376238616666636438343962363364613137633431
31333632303966316163613362616463616638333064343034653536356332353434393031356536
65336130646137333036353436353063373533353939363366623738346664306136663566356330
31633130323433333663653361383061636632303661393536633931663038373966373536383831
62633861356133373437333937383934373530336234326366636631636163636166353666383661
66373139336164313564613633613033346338376530366131313834316433353735643365366435
38643633343730313238633538376130643632656534323932623037303264376534613262653536
62373637653636346262353034376233616633666664353331323233666138623162323166663164
36376233303239663061653266353031393564393664373839616664646236393339613165326134
34303365373662633638363665636666396238653136646233623833396234623036393630353965
37656131373136613938656438343930303661386432646431376561323063633939633233613866
39643933313034356433383131313961643836353935326561616231353839386534653965303062
61653732316164623138336130666332363736626633376434656336383130663034636464666265
37653363363265646136356539393934636364393762623439386439633639393533303236396237
37663934336236633062323234343566643236376161663733306432393763663465363835383031
65633866373034303531636134626466343066326234376530636563333766303535613637303061
61643738353864373131653962333430393330656161353733313663313730643830363265373361
38666466333432383833396537343736633534366432653231636432336636623138613038616239
37353762643431653064313134373435653563616131383261663735353635333064393466616661
31656431643861666235323735383430386466636134376263643166623633346139373534333634
31613431623538326432386434376238623237363163616238643562623930613365366561313837
34623261313537613133363532316465663663656164396237363037353063303835633162316236
37643166333533386438653539636335613331333739353034636466306431373134373066353530
33626233383062396564336233393962643037356434663537663636633731323363386530306232
64626233313137353566633332646665353136376461626436633234323064653533303335386336
34396335353435613835363332333934613636653466613538613364336331666634633430346632
38326136623166363363643761386262643936343431613963643437313066633432373337623031
62653064643966366133383662353365653634336466636632663064616139366237366235323362
63303865663839343430373463303533616135653266656636626165326263373835633530353532
39306333346134353739353864616534623532326133613835653234373266663065353037336363
32316261663066393164636534643431663732383936313265663834313663613333663162623632
37323637363731343436306431393766363763666635313064333231373933306334636265666238
62323439336338366364616435636134663963396337643762323935613731306434643036376135
62303265663035633562636364363861373263373936306133613538346234313234336561613039
66633134396434386164363237383138663862363436643436333938323634323335336531356366
37626166663432373566663332343832643862653164326633326333653635396634333963376261
33313831386331326239643266623465623131383730376664363131356531613135663762356166
31346535393466633035656634356163623234633636633166303936356461383330336364383363
30393963353262343062383833346664623937643962383230393638383762363037383563393764
33366563333561663561363535663039363438373334326431363435306235366430383336313334
35363133653033386263346132383264393530643034393766666135383434623163316237393438
39343632366237613632313332623437623738336536653836396130666465636164666339346436
64353564653130386261633537623735353939636466646663613465626334656430646462623433
63333331626131363162616136376432623630393639333963303064353934623665343364323531
38656436656362393165646131386538333136346366383638376433343637663161353132303838
39336634353361363566613137333330633630633032343063323938313135376335333463666161
35396234386664326665663338643965353165373334643639396430373037383634656430326262
38653764653164363437356536363465636333653532326638366134316364666534393931616639
39326339633832363966383738363962333062333234353037363333663463316561613266633266
33653430656130666333663466633366626437616330326164346265623966663466356639353066
38643634656632353161616334363136646138666264653762366339326435353037363966346230
37633134366339636565303330386630363139353638393432393539356139363066353861366131
37393334383330656637613737626337353035356432373961343834343834383633373236663633
30643132613963383763313432353931313130666266643465336133366136643662633431646339
30323861333065333535343433303838306437633739313732323762646437386663336534316364
36663966363133333130333237616361353432656639366465356338616239346532656437326166
33353261333365316130393464306334333865663430316164616561323565653162663366316137
30353333383737346630396639356462356435656464316439643636646537373762313461386135
64323264363965663662306234316631323936393762376466366333636530343532373964626539
36383339346330376464363238633838386530633763356264363137643762613832353633383232
62353166343834333736616664353438333062353433353133393238656636363631653137396437
35326339386236633162376266386162363665616665616330643462613832393564376239316238
35636666653531633165333566653362666462343863336664373865373037363737633331353935
35646630323933353232323930393866356264653934326465653231633465346337343165373563
37366530643766616135636434343231663464613065383165303433343436633338303330633730
35326439353430623764323431366233346538666335643861343764363065303232336237666339
30303737336333346537653661656232663265376639343637326233616436326361623630303261
31306639333363363831663163373336396632373165383834393461623534333636623538366663
34356561633730646138383764623566326235306234316134303337626463613761643432633933
37376261303731333863373135363563626361626362626664313033393036376263323835663463
62616236326164353334333962386237643133363061323433333236396234656338353332326266
65626139346633373835656234363463303634613736313465396531396263323633626533353464
39663861643065393162666562623032373237333639393734386534323562353832326362616236
36616539646435643666663534376536306232393665333234646130353430666462396261663039
31376439353164363833363366383264393938306663626134376336323836366163356237616335
62663233396461333166393431303234643965613664633335366636613763643830306135366134
65326332643762316335306361666262326166356530386566346462343933613531393863616234
34623933316462633662396338336631323263393335306535313738346631303536376661626537
31313264373736353662326533646331346436383363353738323830363833346365393434633936
39383763616435353762346137636537353463656634373731613963623033373236316535366131
30353738616264633639653231613564663263333437313863623531346637343566313763353165
38646633613462313132396234346530623635323737623938326162663933613131383131313333
34383431666266343637656661633763393034333232646330316666323735376639376265643535
64623735383263623935333866616361326139333534646263343563653137613465636331383134
62326636663034643634666236383564323361306235313932663163373361643739666438623565
61643835353261333830353934643163313036386439373739323864666565346139353635396465
33623639396166316630333363653635383663626337393337636236613333313763363735616431
31346565306639343837326464383638613138386530373664616231376132643133303736633135
33383033393433376664303130303836316532313638646163663930356439303033313832396632
32316461353036623638366236633631303665316230373136646465643431393338373535393661
38343039326465396565666462653031303663353330383763323732353766346163633266636464
35373364393031656335623739633466656137363430623236613936613565653531643238643531
6536383932633635326638383139356339623966396130393862
